
time,npos,epos,alt,phi,theta,psi,vel,alpha,beta,p,q,r,nx,ny,nz,mach,qbar,ps,

 0.00000, 0.00000, 0.00000,15000.00000, 0.00000, 4.53071, 0.00000,500.00000, 4.53071, 0.00000, 0.00000, 0.00000, 0.00000, 0.07898,-0.01317, 0.99668, 0.47339,187.31921,1193.18672,2109.41287,-2.24415,-0.09358, 0.09447,
 0.10000,50.00000,-0.00211,14999.99997, 0.00017, 4.53071,-0.00004,500.00000, 4.53078,-0.00475, 0.00512, 0.00004,-0.00122, 0.07898,-0.01293, 0.99668, 0.47339,187.31921,1193.18672,2109.41287,-2.24415,-0.09358, 0.09447,
 0.20000,100.00000,-0.00837,14999.99987, 0.00128, 4.53072,-0.00032,500.00001, 4.53087,-0.00911, 0.01855, 0.00014,-0.00461, 0.07898,-0.01270, 0.99668, 0.47339,187.31922,1193.18673,2109.41287,-2.24415,-0.09358, 0.09447,
 0.30000,150.00000,-0.01871,14999.99971, 0.00398, 4.53074,-0.00103,500.00002, 4.53096,-0.01282, 0.03742, 0.00029,-0.00988, 0.07898,-0.01252, 0.99668, 0.47339,187.31923,1193.18673,2109.41287,-2.24415,-0.09358, 0.09447,
 0.40000,200.00000,-0.03306,14999.99949, 0.00869, 4.53078,-0.00235,500.00004, 4.53107,-0.01567, 0.05898, 0.00046,-0.01664, 0.07898,-0.01238, 0.99669, 0.47339,187.31924,1193.18674,2109.41287,-2.24415,-0.09358, 0.09447,
 0.50000,250.00000,-0.05134,14999.99922, 0.01552, 4.53083,-0.00440,500.00005, 4.53119,-0.01755, 0.08073, 0.00064,-0.02441, 0.07898,-0.01229, 0.99671, 0.47339,187.31925,1193.18676,2109.41287,-2.24415,-0.09358, 0.09447,
 0.60000,300.00000,-0.07349,14999.99889, 0.02438, 4.53091,-0.00726,500.00006, 4.53132,-0.01838, 0.10049, 0.00081,-0.03267, 0.07898,-0.01225, 0.99673, 0.47339,187.31926,1193.18677,2109.41287,-2.24415,-0.09358, 0.09447,
 0.70000,350.00000,-0.09944,14999.99851, 0.03498, 4.53100,-0.01095,500.00007, 4.53146,-0.01818, 0.11649, 0.00094,-0.04088, 0.07899,-0.01227, 0.99676, 0.47339,187.31927,1193.18679,2109.41287,-2.24415,-0.09358, 0.09447,
 0.80000,400.00000,-0.12915,14999.99810, 0.04686, 4.53110,-0.01545,500.00006, 4.53160,-0.01702, 0.12743, 0.00102,-0.04858, 0.07899,-0.01234, 0.99679, 0.47339,187.31927,1193.18681,2109.41287,-2.24415,-0.09358, 0.09447,
 0.90000,450.00000,-0.16257,14999.99767, 0.05950, 4.53121,-0.02067,500.00005, 4.53173,-0.01504, 0.13250, 0.00104,-0.05531, 0.07899,-0.01245, 0.99682, 0.47339,187.31927,1193.18683,2109.41287,-2.24415,-0.09358, 0.09447,
 1.00000,499.99999,-0.19966,14999.99722, 0.07228, 4.53131,-0.02650,500.00003, 4.53185,-0.01239, 0.13141, 0.00099,-0.06073, 0.07899,-0.01260, 0.99685, 0.47339,187.31925,1193.18685,2109.41287,-2.24415,-0.09358, 0.09447,
 1.10000,549.99997,-0.24040,14999.99677, 0.08462, 4.53142,-0.03280,500.00000, 4.53195,-0.00929, 0.12430, 0.00087,-0.06459, 0.07899,-0.01277, 0.99688, 0.47339,187.31923,1193.18688,2109.41287,-2.24415,-0.09358, 0.09447,
 1.20000,599.99995,-0.28478,14999.99633, 0.09594, 4.53151,-0.03940,499.99996, 4.53203,-0.00595, 0.11176, 0.00070,-0.06674, 0.07899,-0.01294, 0.99690, 0.47339,187.31920,1193.18690,2109.41287,-2.24415,-0.09358, 0.09447,
 1.30000,649.99992,-0.33278,14999.99590, 0.10577, 4.53158,-0.04613,499.99991, 4.53207,-0.00260, 0.09472, 0.00047,-0.06718, 0.07899,-0.01312, 0.99692, 0.47339,187.31917,1193.18692,2109.41287,-2.24415,-0.09358, 0.09447,
 1.40000,699.99988,-0.38441,14999.99549, 0.11372, 4.53162,-0.05282,499.99985, 4.53209, 0.00056, 0.07436, 0.00020,-0.06597, 0.07899,-0.01328, 0.99692, 0.47339,187.31913,1193.18694,2109.41287,-2.24415,-0.09358, 0.09447,
 1.50000,749.99983,-0.43969,14999.99510, 0.11954, 4.53164,-0.05932,499.99979, 4.53208, 0.00334, 0.05214,-0.00005,-0.06328, 0.07899,-0.01342, 0.99690, 0.47339,187.31909,1193.18696,2109.41287,-2.24415,-0.09358, 0.09447,
 1.60000,799.99977,-0.49861,14999.99472, 0.12313, 4.53164,-0.06548,499.99974, 4.53206, 0.00559, 0.02947,-0.00026,-0.05936, 0.07899,-0.01353, 0.99688, 0.47339,187.31905,1193.18697,2109.41287,-2.24415,-0.09358, 0.09447,
 1.70000,849.99971,-0.56119,14999.99436, 0.12452, 4.53162,-0.07120,499.99968, 4.53203, 0.00721, 0.00767,-0.00043,-0.05455, 0.07899,-0.01361, 0.99686, 0.47339,187.31901,1193.18699,2109.41287,-2.24415,-0.09358, 0.09447,
 1.80000,899.99963,-0.62745,14999.99400, 0.12387, 4.53158,-0.07640,499.99963, 4.53199, 0.00814,-0.01206,-0.00056,-0.04918, 0.07899,-0.01365, 0.99684, 0.47339,187.31897,1193.18701,2109.41287,-2.24415,-0.09358, 0.09447,
 1.90000,949.99954,-0.69741,14999.99363, 0.12144, 4.53153,-0.08106,499.99958, 4.53194, 0.00836,-0.02868,-0.00067,-0.04363, 0.07899,-0.01365, 0.99683, 0.47339,187.31894,1193.18703,2109.41287,-2.24415,-0.09358, 0.09447,
 2.00000,999.99944,-0.77109,14999.99327, 0.11757, 4.53147,-0.08516,499.99954, 4.53188, 0.00790,-0.04142,-0.00076,-0.03825, 0.07899,-0.01362, 0.99682, 0.47339,187.31891,1193.18704,2109.41287,-2.24415,-0.09358, 0.09447,
 2.10000,1049.99933,-0.84848,14999.99289, 0.11269, 4.53139,-0.08875,499.99949, 4.53182, 0.00682,-0.04977,-0.00084,-0.03337, 0.07899,-0.01356, 0.99682, 0.47339,187.31888,1193.18706,2109.41287,-2.24415,-0.09358, 0.09447,
 2.20000,1099.99921,-0.92962,14999.99251, 0.10724, 4.53131,-0.09188,499.99946, 4.53176, 0.00525,-0.05352,-0.00091,-0.02926, 0.07899,-0.01348, 0.99682, 0.47339,187.31885,1193.18708,2109.41287,-2.24415,-0.09358, 0.09447,
 2.30000,1149.99909,-1.01448,14999.99211, 0.10167, 4.53122,-0.09465,499.99943, 4.53168, 0.00329,-0.05275,-0.00097,-0.02613, 0.07899,-0.01338, 0.99681, 0.47339,187.31883,1193.18710,2109.41287,-2.24415,-0.09358, 0.09447,
 2.40000,1199.99895,-1.10308,14999.99170, 0.09641, 4.53113,-0.09716,499.99940, 4.53161, 0.00111,-0.04781,-0.00103,-0.02411, 0.07899,-0.01327, 0.99681, 0.47339,187.31881,1193.18712,2109.41287,-2.24415,-0.09358, 0.09447,
 2.50000,1249.99880,-1.19542,14999.99128, 0.09184, 4.53102,-0.09953,499.99938, 4.53153,-0.00115,-0.03927,-0.00109,-0.02325, 0.07899,-0.01315, 0.99680, 0.47339,187.31880,1193.18714,2109.41287,-2.24415,-0.09358, 0.09447,
 2.60000,1299.99865,-1.29146,14999.99084, 0.08828, 4.53092,-0.10186,499.99936, 4.53145,-0.00335,-0.02781,-0.00109,-0.02352, 0.07899,-0.01304, 0.99678, 0.47339,187.31879,1193.18716,2109.41287,-2.24415,-0.09358, 0.09447,
 2.70000,1349.99848,-1.39121,14999.99037, 0.08597, 4.53081,-0.10428,499.99936, 4.53138,-0.00534,-0.01434,-0.00105,-0.02484, 0.07899,-0.01293, 0.99676, 0.47339,187.31879,1193.18718,2109.41287,-2.24415,-0.09358, 0.09447,
 2.80000,1399.99831,-1.49464,14999.98987, 0.08505, 4.53072,-0.10688,499.99936, 4.53133,-0.00702, 0.00015,-0.00096,-0.02705, 0.07898,-0.01285, 0.99674, 0.47339,187.31880,1193.18721,2109.41287,-2.24415,-0.09358, 0.09447,
 2.90000,1449.99814,-1.60172,14999.98934, 0.08557, 4.53063,-0.10973,499.99937, 4.53128,-0.00830, 0.01466,-0.00085,-0.02996, 0.07898,-0.01278, 0.99673, 0.47339,187.31881,1193.18723,2109.41287,-2.24415,-0.09358, 0.09447,
 3.00000,1499.99795,-1.71244,14999.98876, 0.08748, 4.53056,-0.11291,499.99939, 4.53126,-0.00913, 0.02829,-0.00072,-0.03334, 0.07898,-0.01274, 0.99673, 0.47339,187.31882,1193.18726,2109.41287,-2.24415,-0.09358, 0.09447,
 3.10000,1549.99776,-1.82676,14999.98815, 0.09064, 4.53050,-0.11643,499.99941, 4.53125,-0.00948, 0.04021,-0.00059,-0.03695, 0.07898,-0.01273, 0.99673, 0.47339,187.31884,1193.18729,2109.41287,-2.24415,-0.09358, 0.09447,
 3.20000,1599.99756,-1.94468,14999.98749, 0.09486, 4.53045,-0.12032,499.99944, 4.53125,-0.00936, 0.04978,-0.00047,-0.04054, 0.07898,-0.01274, 0.99673, 0.47339,187.31887,1193.18732,2109.41287,-2.24415,-0.09358, 0.09447,
 3.30000,1649.99736,-2.06616,14999.98679, 0.09986, 4.53042,-0.12455,499.99946, 4.53126,-0.00880, 0.05654,-0.00037,-0.04389, 0.07898,-0.01277, 0.99674, 0.47339,187.31889,1193.18736,2109.41287,-2.24415,-0.09358, 0.09447,
 3.40000,1699.99715,-2.19119,14999.98606, 0.10537, 4.53039,-0.12911,499.99949, 4.53128,-0.00787, 0.06022,-0.00029,-0.04680, 0.07898,-0.01282, 0.99674, 0.47339,187.31891,1193.18739,2109.41287,-2.24415,-0.09358, 0.09447,
 3.50000,1749.99694,-2.31976,14999.98529, 0.11106, 4.53037,-0.13392,499.99951, 4.53130,-0.00665, 0.06079,-0.00024,-0.04912, 0.07898,-0.01289, 0.99675, 0.47339,187.31894,1193.18743,2109.41287,-2.24415,-0.09358, 0.09447,
 3.60000,1799.99671,-2.45185,14999.98449, 0.11665, 4.53036,-0.13894,499.99954, 4.53132,-0.00523, 0.05839,-0.00023,-0.05073, 0.07898,-0.01296, 0.99676, 0.47339,187.31896,1193.18747,2109.41287,-2.24415,-0.09358, 0.09447,
 3.70000,1849.99649,-2.58746,14999.98366, 0.12185, 4.53035,-0.14408,499.99956, 4.53133,-0.00371, 0.05335,-0.00024,-0.05157, 0.07899,-0.01304, 0.99677, 0.47339,187.31898,1193.18751,2109.41287,-2.24415,-0.09358, 0.09447,
 3.80000,1899.99625,-2.72659,14999.98280, 0.12643, 4.53033,-0.14926,499.99958, 4.53134,-0.00219, 0.04614,-0.00028,-0.05163, 0.07899,-0.01312, 0.99678, 0.47339,187.31900,1193.18755,2109.41287,-2.24415,-0.09358, 0.09447,
 3.90000,1949.99600,-2.86923,14999.98192, 0.13021, 4.53031,-0.15441,499.99960, 4.53135,-0.00077, 0.03734,-0.00035,-0.05096, 0.07899,-0.01320, 0.99678, 0.47339,187.31902,1193.18759,2109.41287,-2.24415,-0.09358, 0.09447,
 4.00000,1999.99575,-3.01538,14999.98102, 0.13306, 4.53029,-0.15946,499.99962, 4.53134, 0.00047, 0.02760,-0.00043,-0.04963, 0.07899,-0.01326, 0.99678, 0.47339,187.31904,1193.18763,2109.41287,-2.24415,-0.09358, 0.09447,
 4.10000,2049.99549,-3.16506,14999.98009, 0.13494, 4.53025,-0.16435,499.99964, 4.53133, 0.00147, 0.01763,-0.00050,-0.04777, 0.07899,-0.01331, 0.99677, 0.47339,187.31907,1193.18768,2109.41287,-2.24415,-0.09358, 0.09447,
 4.20000,2099.99522,-3.31827,14999.97915, 0.13584, 4.53021,-0.16903,499.99967, 4.53132, 0.00218, 0.00804,-0.00055,-0.04551, 0.07898,-0.01334, 0.99676, 0.47339,187.31909,1193.18772,2109.41287,-2.24415,-0.09358, 0.09447,
 4.30000,2149.99495,-3.47501,14999.97817, 0.13585, 4.53016,-0.17347,499.99970, 4.53130, 0.00257,-0.00061,-0.00059,-0.04302, 0.07898,-0.01336, 0.99676, 0.47339,187.31912,1193.18777,2109.41287,-2.24415,-0.09358, 0.09447,
 4.40000,2199.99466,-3.63528,14999.97717, 0.13509, 4.53011,-0.17766,499.99973, 4.53128, 0.00264,-0.00785,-0.00063,-0.04046, 0.07898,-0.01336, 0.99675, 0.47339,187.31915,1193.18782,2109.41287,-2.24415,-0.09358, 0.09447,
 4.50000,2249.99437,-3.79910,14999.97614, 0.13370, 4.53006,-0.18159,499.99976, 4.53126, 0.00240,-0.01333,-0.00065,-0.03800, 0.07898,-0.01335, 0.99675, 0.47339,187.31918,1193.18787,2109.41287,-2.24415,-0.09358, 0.09447,
 4.60000,2299.99406,-3.96647,14999.97508, 0.13189, 4.53000,-0.18529,499.99980, 4.53124, 0.00189,-0.01683,-0.00068,-0.03577, 0.07898,-0.01332, 0.99675, 0.47339,187.31921,1193.18792,2109.41287,-2.24415,-0.09358, 0.09447,
 4.70000,2349.99375,-4.13738,14999.97399, 0.12984, 4.52994,-0.18878,499.99984, 4.53122, 0.00116,-0.01825,-0.00070,-0.03391, 0.07898,-0.01328, 0.99675, 0.47339,187.31925,1193.18797,2109.41287,-2.24415,-0.09358, 0.09447,
 4.80000,2399.99344,-4.31183,14999.97286, 0.12776, 4.52987,-0.19211,499.99989, 4.53119, 0.00026,-0.01766,-0.00072,-0.03250, 0.07898,-0.01323, 0.99675, 0.47339,187.31929,1193.18803,2109.41287,-2.24415,-0.09358, 0.09447,
 4.90000,2449.99311,-4.48983,14999.97171, 0.12585, 4.52981,-0.19532,499.99993, 4.53116,-0.00073,-0.01518,-0.00074,-0.03159, 0.07898,-0.01318, 0.99675, 0.47339,187.31933,1193.18808,2109.41287,-2.24415,-0.09358, 0.09447,
 5.00000,2499.99278,-4.67136,14999.97052, 0.12428, 4.52974,-0.19847,499.99999, 4.53114,-0.00176,-0.01107,-0.00073,-0.03121, 0.07898,-0.01313, 0.99674, 0.47339,187.31938,1193.18814,2109.41287,-2.24415,-0.09358, 0.09447,
 5.10000,2549.99244,-4.85642,14999.96929, 0.12319, 4.52968,-0.20160,500.00004, 4.53112,-0.00275,-0.00569,-0.00070,-0.03135, 0.07898,-0.01307, 0.99673, 0.47339,187.31943,1193.18820,2109.41287,-2.24415,-0.09358, 0.09447,
 5.20000,2599.99209,-5.04500,14999.96803, 0.12267, 4.52962,-0.20477,500.00010, 4.53110,-0.00364, 0.00055,-0.00066,-0.03195, 0.07898,-0.01303, 0.99673, 0.47339,187.31949,1193.18826,2109.41287,-2.24415,-0.09358, 0.09447,
 5.30000,2649.99173,-5.23708,14999.96673, 0.12280, 4.52956,-0.20802,500.00017, 4.53110,-0.00439, 0.00720,-0.00060,-0.03295, 0.07898,-0.01299, 0.99672, 0.47339,187.31954,1193.18832,2109.41287,-2.24415,-0.09358, 0.09447,
 5.40000,2699.99137,-5.43265,14999.96538, 0.12359, 4.52951,-0.21139,500.00024, 4.53109,-0.00495, 0.01381,-0.00053,-0.03426, 0.07898,-0.01296, 0.99672, 0.47339,187.31960,1193.18839,2109.41287,-2.24415,-0.09358, 0.09447,
 5.50000,2749.99100,-5.63171,14999.96400, 0.12500, 4.52947,-0.21490,500.00031, 4.53110,-0.00530, 0.01996,-0.00047,-0.03577, 0.07898,-0.01294, 0.99672, 0.47339,187.31967,1193.18845,2109.41287,-2.24415,-0.09358, 0.09447,
 5.60000,2799.99063,-5.83422,14999.96258, 0.12699, 4.52943,-0.21857,500.00039, 4.53111,-0.00544, 0.02531,-0.00040,-0.03738, 0.07898,-0.01294, 0.99673, 0.47340,187.31973,1193.18852,2109.41287,-2.24415,-0.09358, 0.09447,
 5.70000,2849.99024,-6.04019,14999.96111, 0.12944, 4.52940,-0.22240,500.00046, 4.53113,-0.00537, 0.02956,-0.00035,-0.03897, 0.07898,-0.01294, 0.99673, 0.47340,187.31980,1193.18859,2109.41287,-2.24415,-0.09358, 0.09447,
 5.80000,2899.98986,-6.24960,14999.95961, 0.13224, 4.52938,-0.22639,500.00054, 4.53115,-0.00510, 0.03252,-0.00030,-0.04044, 0.07898,-0.01296, 0.99674, 0.47340,187.31986,1193.18867,2109.41287,-2.24415,-0.09358, 0.09447,
 5.90000,2949.98946,-6.46244,14999.95808, 0.13525, 4.52936,-0.23051,500.00062, 4.53117,-0.00466, 0.03407,-0.00027,-0.04171, 0.07898,-0.01298, 0.99674, 0.47340,187.31993,1193.18874,2109.41287,-2.24415,-0.09358, 0.09447,
 6.00000,2999.98906,-6.67870,14999.95650, 0.13835, 4.52935,-0.23475,500.00070, 4.53119,-0.00409, 0.03421,-0.00025,-0.04270, 0.07898,-0.01301, 0.99675, 0.47340,187.32000,1193.18882,2109.41287,-2.24415,-0.09358, 0.09447,
 6.10000,3049.98865,-6.89837,14999.95490, 0.14138, 4.52933,-0.23907,500.00077, 4.53121,-0.00344, 0.03301,-0.00025,-0.04337, 0.07898,-0.01305, 0.99676, 0.47340,187.32007,1193.18889,2109.41287,-2.24415,-0.09358, 0.09447,
 6.20000,3099.98823,-7.12145,14999.95327, 0.14422, 4.52932,-0.24344,500.00085, 4.53122,-0.00275, 0.03062,-0.00027,-0.04369, 0.07898,-0.01309, 0.99676, 0.47340,187.32013,1193.18897,2109.41287,-2.24415,-0.09358, 0.09447,
 6.30000,3149.98781,-7.34793,14999.95161, 0.14678, 4.52930,-0.24782,500.00093, 4.53124,-0.00206, 0.02727,-0.00030,-0.04365, 0.07898,-0.01312, 0.99677, 0.47340,187.32020,1193.18905,2109.41287,-2.24415,-0.09358, 0.09447,
 6.40000,3199.98738,-7.57781,14999.94993, 0.14896, 4.52928,-0.25218,500.00101, 4.53124,-0.00142, 0.02322,-0.00034,-0.04329, 0.07898,-0.01316, 0.99677, 0.47340,187.32027,1193.18913,2109.41287,-2.24415,-0.09358, 0.09447,
 6.50000,3249.98694,-7.81109,14999.94822, 0.15072, 4.52925,-0.25650,500.00108, 4.53125,-0.00086, 0.01877,-0.00038,-0.04263, 0.07898,-0.01318, 0.99677, 0.47340,187.32034,1193.18922,2109.41287,-2.24415,-0.09358, 0.09447,
 6.60000,3299.98649,-8.04777,14999.94648, 0.15204, 4.52922,-0.26073,500.00116, 4.53124,-0.00042, 0.01422,-0.00043,-0.04174, 0.07898,-0.01321, 0.99677, 0.47340,187.32041,1193.18930,2109.41287,-2.24415,-0.09358, 0.09447,
 6.70000,3349.98603,-8.28785,14999.94473, 0.15291, 4.52919,-0.26486,500.00124, 4.53123,-0.00011, 0.00985,-0.00049,-0.04067, 0.07898,-0.01322, 0.99677, 0.47340,187.32048,1193.18938,2109.41287,-2.24415,-0.09358, 0.09447,
 6.80000,3399.98557,-8.53132,14999.94294, 0.15338, 4.52915,-0.26889,500.00132, 4.53122, 0.00005, 0.00592,-0.00054,-0.03951, 0.07898,-0.01323, 0.99677, 0.47340,187.32055,1193.18947,2109.41287,-2.24415,-0.09358, 0.09447,
 6.90000,3449.98510,-8.77820,14999.94114, 0.15349, 4.52910,-0.27279,500.00141, 4.53120, 0.00007, 0.00266,-0.00058,-0.03833, 0.07898,-0.01323, 0.99676, 0.47340,187.32063,1193.18956,2109.41287,-2.24415,-0.09358, 0.09447,
 7.00000,3499.98462,-9.02847,14999.93931, 0.15333, 4.52905,-0.27658,500.00149, 4.53118,-0.00004, 0.00021,-0.00061,-0.03719, 0.07898,-0.01322, 0.99676, 0.47340,187.32070,1193.18964,2109.41287,-2.24415,-0.09358, 0.09447,
 7.10000,3549.98413,-9.28213,14999.93745, 0.15298, 4.52900,-0.28026,500.00158, 4.53116,-0.00028,-0.00131,-0.00064,-0.03617, 0.07898,-0.01321, 0.99676, 0.47340,187.32078,1193.18973,2109.41287,-2.24415,-0.09358, 0.09447,
 7.20000,3599.98363,-9.53919,14999.93556, 0.15252, 4.52895,-0.28384,500.00168, 4.53114,-0.00062,-0.00189,-0.00066,-0.03531, 0.07898,-0.01319, 0.99675, 0.47340,187.32086,1193.18983,2109.41287,-2.24415,-0.09358, 0.09447,
 7.30000,3649.98312,-9.79964,14999.93365, 0.15207, 4.52889,-0.28735,500.00178, 4.53112,-0.00103,-0.00152,-0.00066,-0.03466, 0.07898,-0.01317, 0.99675, 0.47340,187.32095,1193.18992,2109.41287,-2.24415,-0.09358, 0.09447,
 7.40000,3699.98261,-10.06347,14999.93170, 0.15170, 4.52883,-0.29080,500.00188, 4.53110,-0.00148,-0.00031,-0.00065,-0.03424, 0.07898,-0.01314, 0.99674, 0.47340,187.32103,1193.19001,2109.41287,-2.24415,-0.09358, 0.09447,
 7.50000,3749.98209,-10.33068,14999.92972, 0.15149, 4.52878,-0.29423,500.00198, 4.53109,-0.00194, 0.00163,-0.00063,-0.03406, 0.07898,-0.01312, 0.99674, 0.47340,187.32112,1193.19011,2109.41287,-2.24415,-0.09358, 0.09447,
 7.60000,3799.98156,-10.60127,14999.92771, 0.15150, 4.52872,-0.29764,500.00209, 4.53107,-0.00238, 0.00411,-0.00061,-0.03410, 0.07898,-0.01309, 0.99674, 0.47340,187.32122,1193.19020,2109.41287,-2.24415,-0.09358, 0.09447,
 7.70000,3849.98102,-10.87522,14999.92566, 0.15178, 4.52867,-0.30108,500.00220, 4.53106,-0.00278, 0.00697,-0.00057,-0.03436, 0.07898,-0.01307, 0.99673, 0.47340,187.32131,1193.19030,2109.41287,-2.24415,-0.09358, 0.09447,
 7.80000,3899.98048,-11.15252,14999.92358, 0.15236, 4.52863,-0.30454,500.00231, 4.53106,-0.00311, 0.00999,-0.00053,-0.03479, 0.07898,-0.01306, 0.99673, 0.47340,187.32141,1193.19040,2109.41287,-2.24415,-0.09358, 0.09447,
 7.90000,3949.97993,-11.43318,14999.92146, 0.15323, 4.52859,-0.30806,500.00243, 4.53106,-0.00336, 0.01297,-0.00049,-0.03536, 0.07898,-0.01305, 0.99673, 0.47340,187.32151,1193.19051,2109.41287,-2.24415,-0.09358, 0.09447,
 8.00000,3999.97937,-11.71717,14999.91930, 0.15438, 4.52855,-0.31164,500.00255, 4.53106,-0.00351, 0.01572,-0.00045,-0.03602, 0.07898,-0.01304, 0.99674, 0.47340,187.32161,1193.19061,2109.41287,-2.24415,-0.09358, 0.09447,
 8.10000,4049.97881,-12.00450,14999.91711, 0.15579, 4.52851,-0.31529,500.00267, 4.53107,-0.00356, 0.01810,-0.00041,-0.03672, 0.07898,-0.01304, 0.99674, 0.47340,187.32172,1193.19071,2109.41287,-2.24415,-0.09358, 0.09447,
 8.20000,4099.97823,-12.29515,14999.91489, 0.15740, 4.52848,-0.31901,500.00279, 4.53108,-0.00351, 0.01997,-0.00038,-0.03740, 0.07898,-0.01304, 0.99674, 0.47340,187.32182,1193.19082,2109.41287,-2.24415,-0.09358, 0.09447,
 8.30000,4149.97765,-12.58911,14999.91263, 0.15917, 4.52846,-0.32279,500.00291, 4.53109,-0.00338, 0.02125,-0.00035,-0.03803, 0.07898,-0.01305, 0.99674, 0.47340,187.32193,1193.19093,2109.41287,-2.24415,-0.09358, 0.09447,
 8.40000,4199.97707,-12.88638,14999.91034, 0.16103, 4.52843,-0.32664,500.00304, 4.53110,-0.00318, 0.02190,-0.00034,-0.03856, 0.07898,-0.01306, 0.99675, 0.47340,187.32203,1193.19104,2109.41287,-2.24415,-0.09358, 0.09447,
 8.50000,4249.97648,-13.18694,14999.90802, 0.16292, 4.52841,-0.33053,500.00316, 4.53112,-0.00292, 0.02190,-0.00032,-0.03897, 0.07898,-0.01307, 0.99675, 0.47340,187.32214,1193.19115,2109.41287,-2.24415,-0.09358, 0.09447,
 8.60000,4299.97587,-13.49081,14999.90567, 0.16477, 4.52839,-0.33445,500.00329, 4.53113,-0.00262, 0.02130,-0.00032,-0.03923, 0.07898,-0.01309, 0.99675, 0.47340,187.32225,1193.19127,2109.41287,-2.24415,-0.09358, 0.09447,
 8.70000,4349.97527,-13.79796,14999.90329, 0.16654, 4.52837,-0.33839,500.00341, 4.53114,-0.00230, 0.02017,-0.00032,-0.03933, 0.07898,-0.01310, 0.99676, 0.47340,187.32236,1193.19138,2109.41287,-2.24415,-0.09358, 0.09447,
 8.80000,4399.97465,-14.10839,14999.90088, 0.16817, 4.52835,-0.34233,500.00354, 4.53115,-0.00199, 0.01862,-0.00033,-0.03927, 0.07898,-0.01312, 0.99676, 0.47340,187.32247,1193.19150,2109.41287,-2.24415,-0.09358, 0.09447,
 8.90000,4449.97403,-14.42211,14999.89845, 0.16963, 4.52833,-0.34626,500.00367, 4.53115,-0.00170, 0.01676,-0.00035,-0.03906, 0.07898,-0.01314, 0.99676, 0.47340,187.32258,1193.19161,2109.41287,-2.24415,-0.09358, 0.09447,
 9.00000,4499.97339,-14.73910,14999.89600, 0.17090, 4.52830,-0.35017,500.00379, 4.53115,-0.00145, 0.01473,-0.00037,-0.03872, 0.07898,-0.01315, 0.99677, 0.47340,187.32269,1193.19173,2109.41287,-2.24415,-0.09358, 0.09447,
 9.10000,4549.97275,-15.05937,14999.89352, 0.17196, 4.52828,-0.35403,500.00392, 4.53116,-0.00126, 0.01266,-0.00039,-0.03828, 0.07898,-0.01316, 0.99677, 0.47340,187.32280,1193.19185,2109.41287,-2.24415,-0.09358, 0.09447,
 9.20000,4599.97211,-15.38290,14999.89101, 0.17283, 4.52825,-0.35784,500.00405, 4.53115,-0.00112, 0.01069,-0.00042,-0.03777, 0.07898,-0.01316, 0.99677, 0.47340,187.32291,1193.19197,2109.41287,-2.24415,-0.09358, 0.09447,
 9.30000,4649.97145,-15.70971,14999.88848, 0.17351, 4.52821,-0.36161,500.00418, 4.53115,-0.00105, 0.00893,-0.00044,-0.03721, 0.07898,-0.01317, 0.99677, 0.47340,187.32303,1193.19209,2109.41287,-2.24415,-0.09358, 0.09447,
 9.40000,4699.97079,-16.03978,14999.88593, 0.17404, 4.52818,-0.36531,500.00432, 4.53114,-0.00104, 0.00747,-0.00046,-0.03664, 0.07898,-0.01317, 0.99677, 0.47340,187.32314,1193.19222,2109.41287,-2.24415,-0.09358, 0.09447,
 9.50000,4749.97011,-16.37311,14999.88336, 0.17444, 4.52814,-0.36896,500.00445, 4.53113,-0.00110, 0.00639,-0.00048,-0.03610, 0.07898,-0.01316, 0.99676, 0.47340,187.32326,1193.19234,2109.41287,-2.24415,-0.09358, 0.09447,
 9.60000,4799.96943,-16.70970,14999.88076, 0.17475, 4.52811,-0.37255,500.00459, 4.53113,-0.00121, 0.00572,-0.00049,-0.03562, 0.07898,-0.01316, 0.99676, 0.47340,187.32338,1193.19247,2109.41287,-2.24415,-0.09358, 0.09447,
 9.70000,4849.96874,-17.04955,14999.87813, 0.17503, 4.52807,-0.37611,500.00473, 4.53112,-0.00136, 0.00549,-0.00050,-0.03521, 0.07898,-0.01315, 0.99676, 0.47340,187.32350,1193.19259,2109.41287,-2.24415,-0.09358, 0.09447,
 9.80000,4899.96805,-17.39265,14999.87548, 0.17531, 4.52803,-0.37962,500.00487, 4.53111,-0.00155, 0.00568,-0.00050,-0.03489, 0.07898,-0.01314, 0.99676, 0.47340,187.32362,1193.19272,2109.41287,-2.24415,-0.09358, 0.09447,
 9.90000,4949.96734,-17.73899,14999.87281, 0.17563, 4.52799,-0.38311,500.00501, 4.53110,-0.00175, 0.00625,-0.00049,-0.03468, 0.07898,-0.01313, 0.99676, 0.47340,187.32374,1193.19285,2109.41287,-2.24415,-0.09358, 0.09447,
10.00000,4999.96663,-18.08858,14999.87010, 0.17602, 4.52795,-0.38658,500.00516, 4.53109,-0.00196, 0.00713,-0.00049,-0.03458, 0.07898,-0.01312, 0.99676, 0.47340,187.32387,1193.19298,2109.41287,-2.24415,-0.09358, 0.09447,
10.10000,5049.96590,-18.44140,14999.86737, 0.17651, 4.52791,-0.39005,500.00531, 4.53109,-0.00216, 0.00827,-0.00047,-0.03458, 0.07898,-0.01311, 0.99676, 0.47340,187.32400,1193.19311,2109.41287,-2.24415,-0.09358, 0.09447,
10.20000,5099.96517,-18.79745,14999.86462, 0.17713, 4.52788,-0.39352,500.00546, 4.53108,-0.00233, 0.00956,-0.00046,-0.03467, 0.07898,-0.01310, 0.99676, 0.47340,187.32413,1193.19324,2109.41287,-2.24415,-0.09358, 0.09447,
10.30000,5149.96444,-19.15672,14999.86183, 0.17788, 4.52784,-0.39701,500.00561, 4.53108,-0.00248, 0.01091,-0.00044,-0.03484, 0.07898,-0.01309, 0.99676, 0.47340,187.32426,1193.19338,2109.41287,-2.24415,-0.09358, 0.09447,
10.40000,5199.96369,-19.51921,14999.85902, 0.17876, 4.52781,-0.40052,500.00576, 4.53108,-0.00258, 0.01224,-0.00042,-0.03507, 0.07898,-0.01309, 0.99676, 0.47340,187.32439,1193.19351,2109.41287,-2.24415,-0.09358, 0.09447,
10.50000,5249.96294,-19.88490,14999.85619, 0.17977, 4.52778,-0.40405,500.00592, 4.53108,-0.00264, 0.01347,-0.00040,-0.03534, 0.07898,-0.01308, 0.99676, 0.47340,187.32452,1193.19365,2109.41287,-2.24415,-0.09358, 0.09447,
10.60000,5299.96218,-20.25380,14999.85332, 0.18089, 4.52775,-0.40761,500.00607, 4.53108,-0.00266, 0.01451,-0.00039,-0.03563, 0.07898,-0.01308, 0.99676, 0.47340,187.32466,1193.19379,2109.41287,-2.24415,-0.09358, 0.09447,
10.70000,5349.96141,-20.62590,14999.85043, 0.18210, 4.52773,-0.41120,500.00623, 4.53108,-0.00264, 0.01533,-0.00037,-0.03591, 0.07898,-0.01308, 0.99676, 0.47340,187.32479,1193.19393,2109.41287,-2.24415,-0.09358, 0.09447,
10.80000,5399.96063,-21.00119,14999.84752, 0.18337, 4.52770,-0.41481,500.00639, 4.53109,-0.00257, 0.01587,-0.00036,-0.03616, 0.07898,-0.01309, 0.99676, 0.47340,187.32493,1193.19407,2109.41287,-2.24415,-0.09358, 0.09447,
10.90000,5449.95984,-21.37966,14999.84458, 0.18469, 4.52768,-0.41845,500.00655, 4.53109,-0.00248, 0.01613,-0.00035,-0.03637, 0.07898,-0.01309, 0.99676, 0.47340,187.32507,1193.19421,2109.41287,-2.24415,-0.09358, 0.09447,
11.00000,5499.95905,-21.76131,14999.84161, 0.18601, 4.52766,-0.42211,500.00671, 4.53110,-0.00236, 0.01609,-0.00034,-0.03652, 0.07898,-0.01310, 0.99677, 0.47340,187.32521,1193.19435,2109.41287,-2.24415,-0.09358, 0.09447,
11.10000,5549.95825,-22.14613,14999.83863, 0.18732, 4.52763,-0.42577,500.00687, 4.53110,-0.00222, 0.01579,-0.00034,-0.03660, 0.07898,-0.01311, 0.99677, 0.47340,187.32535,1193.19450,2109.41287,-2.24415,-0.09358, 0.09447,
11.20000,5599.95744,-22.53412,14999.83562, 0.18859, 4.52761,-0.42945,500.00704, 4.53110,-0.00207, 0.01525,-0.00034,-0.03661, 0.07898,-0.01311, 0.99677, 0.47340,187.32549,1193.19464,2109.41287,-2.24415,-0.09358, 0.09447,
11.30000,5649.95662,-22.92528,14999.83258, 0.18979, 4.52759,-0.43311,500.00720, 4.53111,-0.00193, 0.01452,-0.00034,-0.03654, 0.07898,-0.01312, 0.99677, 0.47340,187.32563,1193.19479,2109.41287,-2.24415,-0.09358, 0.09447,
11.40000,5699.95579,-23.31959,14999.82953, 0.19091, 4.52757,-0.43677,500.00736, 4.53111,-0.00180, 0.01367,-0.00035,-0.03642, 0.07898,-0.01313, 0.99677, 0.47340,187.32577,1193.19494,2109.41287,-2.24415,-0.09358, 0.09447,
11.50000,5749.95496,-23.71706,14999.82646, 0.19194, 4.52754,-0.44042,500.00753, 4.53111,-0.00169, 0.01273,-0.00036,-0.03623, 0.07898,-0.01313, 0.99677, 0.47340,187.32591,1193.19508,2109.41287,-2.24415,-0.09358, 0.09447,
11.60000,5799.95412,-24.11768,14999.82336, 0.19288, 4.52752,-0.44404,500.00769, 4.53111,-0.00160, 0.01179,-0.00037,-0.03600, 0.07898,-0.01314, 0.99677, 0.47340,187.32605,1193.19523,2109.41287,-2.24415,-0.09358, 0.09447,
11.70000,5849.95326,-24.52145,14999.82025, 0.19373, 4.52749,-0.44764,500.00786, 4.53111,-0.00154, 0.01089,-0.00038,-0.03573, 0.07898,-0.01314, 0.99678, 0.47340,187.32620,1193.19538,2109.41287,-2.24415,-0.09358, 0.09447,
11.80000,5899.95240,-24.92836,14999.81711, 0.19450, 4.52747,-0.45121,500.00803, 4.53110,-0.00151, 0.01010,-0.00038,-0.03545, 0.07898,-0.01314, 0.99678, 0.47340,187.32634,1193.19553,2109.41287,-2.24415,-0.09358, 0.09447,
11.90000,5949.95153,-25.33841,14999.81396, 0.19519, 4.52744,-0.45475,500.00820, 4.53110,-0.00150, 0.00944,-0.00039,-0.03517, 0.07898,-0.01314, 0.99678, 0.47340,187.32649,1193.19569,2109.41287,-2.24415,-0.09358, 0.09447,
12.00000,5999.95065,-25.75159,14999.81079, 0.19583, 4.52741,-0.45827,500.00837, 4.53109,-0.00153, 0.00896,-0.00040,-0.03490, 0.07898,-0.01314, 0.99678, 0.47340,187.32664,1193.19584,2109.41287,-2.24415,-0.09358, 0.09447,
12.10000,6049.94976,-26.16791,14999.80759, 0.19644, 4.52739,-0.46176,500.00854, 4.53109,-0.00158, 0.00866,-0.00040,-0.03465, 0.07898,-0.01314, 0.99678, 0.47340,187.32678,1193.19599,2109.41287,-2.24415,-0.09358, 0.09447,
12.20000,6099.94887,-26.58736,14999.80438, 0.19702, 4.52736,-0.46522,500.00871, 4.53108,-0.00165, 0.00856,-0.00040,-0.03444, 0.07898,-0.01313, 0.99677, 0.47340,187.32693,1193.19615,2109.41287,-2.24415,-0.09358, 0.09447,
12.30000,6149.94796,-27.00992,14999.80114, 0.19761, 4.52733,-0.46867,500.00889, 4.53108,-0.00173, 0.00865,-0.00040,-0.03427, 0.07898,-0.01313, 0.99677, 0.47340,187.32708,1193.19630,2109.41287,-2.24415,-0.09358, 0.09447,
12.40000,6199.94705,-27.43561,14999.79789, 0.19822, 4.52730,-0.47210,500.00906, 4.53107,-0.00182, 0.00891,-0.00040,-0.03415, 0.07898,-0.01312, 0.99677, 0.47340,187.32724,1193.19646,2109.41287,-2.24415,-0.09358, 0.09447,
12.50000,6249.94612,-27.86441,14999.79462, 0.19886, 4.52727,-0.47552,500.00924, 4.53107,-0.00192, 0.00932,-0.00039,-0.03408, 0.07898,-0.01312, 0.99677, 0.47340,187.32739,1193.19662,2109.41287,-2.24415,-0.09358, 0.09447,
12.60000,6299.94519,-28.29631,14999.79132, 0.19954, 4.52725,-0.47894,500.00942, 4.53107,-0.00200, 0.00982,-0.00038,-0.03406, 0.07898,-0.01311, 0.99677, 0.47340,187.32754,1193.19678,2109.41287,-2.24415,-0.09358, 0.09447,
12.70000,6349.94425,-28.73132,14999.78801, 0.20028, 4.52722,-0.48235,500.00960, 4.53106,-0.00208, 0.01040,-0.00037,-0.03407, 0.07898,-0.01311, 0.99677, 0.47340,187.32770,1193.19694,2109.41287,-2.24415,-0.09358, 0.09447,
12.80000,6399.94330,-29.16943,14999.78468, 0.20108, 4.52720,-0.48578,500.00978, 4.53106,-0.00214, 0.01100,-0.00036,-0.03413, 0.07898,-0.01311, 0.99677, 0.47340,187.32785,1193.19710,2109.41287,-2.24415,-0.09358, 0.09447,
12.90000,6449.94234,-29.61063,14999.78132, 0.20194, 4.52717,-0.48920,500.00996, 4.53106,-0.00219, 0.01159,-0.00035,-0.03420, 0.07898,-0.01310, 0.99678, 0.47340,187.32801,1193.19726,2109.41287,-2.24415,-0.09358, 0.09447,
13.00000,6499.94137,-30.05491,14999.77795, 0.20286, 4.52715,-0.49264,500.01015, 4.53106,-0.00221, 0.01213,-0.00034,-0.03430, 0.07898,-0.01310, 0.99678, 0.47340,187.32817,1193.19742,2109.41287,-2.24415,-0.09358, 0.09447,
13.10000,6549.94039,-30.50227,14999.77456, 0.20382, 4.52713,-0.49608,500.01033, 4.53106,-0.00221, 0.01258,-0.00033,-0.03440, 0.07898,-0.01310, 0.99678, 0.47340,187.32833,1193.19759,2109.41287,-2.24415,-0.09358, 0.09447,
13.20000,6599.93941,-30.95271,14999.77115, 0.20483, 4.52711,-0.49954,500.01052, 4.53106,-0.00220, 0.01293,-0.00033,-0.03450, 0.07898,-0.01310, 0.99678, 0.47340,187.32849,1193.19775,2109.41287,-2.24415,-0.09358, 0.09447,
13.30000,6649.93841,-31.40622,14999.76772, 0.20586, 4.52709,-0.50300,500.01070, 4.53106,-0.00217, 0.01316,-0.00032,-0.03458, 0.07898,-0.01311, 0.99678, 0.47340,187.32865,1193.19792,2109.41287,-2.24415,-0.09358, 0.09447,
13.40000,6699.93741,-31.86279,14999.76427, 0.20691, 4.52707,-0.50648,500.01089, 4.53106,-0.00212, 0.01325,-0.00031,-0.03464, 0.07898,-0.01311, 0.99678, 0.47340,187.32881,1193.19808,2109.41287,-2.24415,-0.09358, 0.09447,
13.50000,6749.93639,-32.32243,14999.76081, 0.20796, 4.52705,-0.50995,500.01108, 4.53107,-0.00206, 0.01321,-0.00031,-0.03468, 0.07898,-0.01311, 0.99678, 0.47340,187.32897,1193.19825,2109.41287,-2.24415,-0.09358, 0.09447,
13.60000,6799.93537,-32.78511,14999.75733, 0.20900, 4.52703,-0.51343,500.01127, 4.53107,-0.00200, 0.01306,-0.00030,-0.03469, 0.07898,-0.01312, 0.99678, 0.47340,187.32913,1193.19842,2109.41287,-2.24415,-0.09358, 0.09447,
13.70000,6849.93434,-33.25085,14999.75383, 0.21002, 4.52701,-0.51691,500.01146, 4.53107,-0.00193, 0.01280,-0.00030,-0.03466, 0.07898,-0.01312, 0.99679, 0.47341,187.32930,1193.19858,2109.41287,-2.24415,-0.09358, 0.09447,
13.80000,6899.93329,-33.71963,14999.75032, 0.21101, 4.52700,-0.52039,500.01165, 4.53107,-0.00187, 0.01245,-0.00030,-0.03460, 0.07898,-0.01312, 0.99679, 0.47341,187.32946,1193.19875,2109.41287,-2.24415,-0.09358, 0.09447,
13.90000,6949.93224,-34.19146,14999.74679, 0.21196, 4.52698,-0.52385,500.01184, 4.53107,-0.00181, 0.01205,-0.00030,-0.03451, 0.07898,-0.01312, 0.99679, 0.47341,187.32962,1193.19892,2109.41287,-2.24415,-0.09358, 0.09447,
14.00000,6999.93118,-34.66632,14999.74324, 0.21287, 4.52696,-0.52731,500.01203, 4.53107,-0.00176, 0.01162,-0.00031,-0.03440, 0.07898,-0.01313, 0.99679, 0.47341,187.32979,1193.19909,2109.41287,-2.24415,-0.09358, 0.09447,
14.10000,7049.93011,-35.14421,14999.73968, 0.21374, 4.52694,-0.53075,500.01222, 4.53107,-0.00171, 0.01118,-0.00031,-0.03427, 0.07898,-0.01313, 0.99679, 0.47341,187.32995,1193.19927,2109.41287,-2.24415,-0.09358, 0.09447,
14.20000,7099.92903,-35.62513,14999.73611, 0.21456, 4.52693,-0.53418,500.01241, 4.53107,-0.00169, 0.01077,-0.00031,-0.03412, 0.07898,-0.01313, 0.99679, 0.47341,187.33012,1193.19944,2109.41287,-2.24415,-0.09358, 0.09447,
14.30000,7149.92793,-36.10907,14999.73253, 0.21535, 4.52691,-0.53760,500.01260, 4.53106,-0.00167, 0.01040,-0.00031,-0.03396, 0.07898,-0.01313, 0.99679, 0.47341,187.33028,1193.19961,2109.41287,-2.24415,-0.09358, 0.09447,
14.40000,7199.92683,-36.59604,14999.72892, 0.21611, 4.52689,-0.54100,500.01280, 4.53106,-0.00167, 0.01010,-0.00031,-0.03381, 0.07898,-0.01313, 0.99679, 0.47341,187.33045,1193.19978,2109.41287,-2.24415,-0.09358, 0.09447,
14.50000,7249.92572,-37.08601,14999.72531, 0.21684, 4.52687,-0.54438,500.01299, 4.53106,-0.00168, 0.00988,-0.00031,-0.03366, 0.07898,-0.01313, 0.99679, 0.47341,187.33062,1193.19996,2109.41287,-2.24415,-0.09358, 0.09447,
14.60000,7299.92460,-37.57900,14999.72168, 0.21755, 4.52685,-0.54775,500.01318, 4.53105,-0.00170, 0.00975,-0.00031,-0.03352, 0.07898,-0.01313, 0.99679, 0.47341,187.33079,1193.20013,2109.41287,-2.24415,-0.09358, 0.09447,
14.70000,7349.92347,-38.07500,14999.71804, 0.21826, 4.52683,-0.55111,500.01338, 4.53105,-0.00173, 0.00970,-0.00031,-0.03340, 0.07898,-0.01313, 0.99679, 0.47341,187.33096,1193.20031,2109.41287,-2.24415,-0.09358, 0.09447,
14.80000,7399.92233,-38.57400,14999.71439, 0.21897, 4.52681,-0.55445,500.01358, 4.53105,-0.00177, 0.00974,-0.00031,-0.03330, 0.07898,-0.01313, 0.99679, 0.47341,187.33113,1193.20049,2109.41287,-2.24415,-0.09358, 0.09447,
14.90000,7449.92117,-39.07599,14999.71072, 0.21968, 4.52680,-0.55779,500.01377, 4.53105,-0.00181, 0.00985,-0.00031,-0.03322, 0.07898,-0.01312, 0.99679, 0.47341,187.33130,1193.20066,2109.41287,-2.24415,-0.09358, 0.09447,
15.00000,7499.92001,-39.58098,14999.70704, 0.22041, 4.52678,-0.56112,500.01397, 4.53104,-0.00185, 0.01003,-0.00030,-0.03316, 0.07898,-0.01312, 0.99679, 0.47341,187.33147,1193.20084,2109.41287,-2.24415,-0.09358, 0.09447,
15.10000,7549.91884,-40.08895,14999.70334, 0.22116, 4.52676,-0.56444,500.01417, 4.53104,-0.00189, 0.01025,-0.00030,-0.03312, 0.07898,-0.01312, 0.99679, 0.47341,187.33164,1193.20102,2109.41287,-2.24415,-0.09358, 0.09447,
15.20000,7599.91765,-40.59991,14999.69964, 0.22194, 4.52674,-0.56776,500.01437, 4.53104,-0.00192, 0.01050,-0.00029,-0.03310, 0.07898,-0.01312, 0.99679, 0.47341,187.33181,1193.20120,2109.41287,-2.24415,-0.09358, 0.09447,
15.30000,7649.91646,-41.11385,14999.69592, 0.22274, 4.52673,-0.57108,500.01457, 4.53104,-0.00195, 0.01077,-0.00029,-0.03310, 0.07898,-0.01312, 0.99679, 0.47341,187.33198,1193.20138,2109.41287,-2.24415,-0.09358, 0.09447,
15.40000,7699.91525,-41.63076,14999.69219, 0.22357, 4.52671,-0.57441,500.01477, 4.53104,-0.00196, 0.01102,-0.00028,-0.03311, 0.07898,-0.01312, 0.99680, 0.47341,187.33216,1193.20156,2109.41287,-2.24415,-0.09358, 0.09447,
15.50000,7749.91404,-42.15064,14999.68844, 0.22442, 4.52670,-0.57773,500.01497, 4.53104,-0.00197, 0.01125,-0.00027,-0.03313, 0.07898,-0.01311, 0.99680, 0.47341,187.33233,1193.20174,2109.41287,-2.24415,-0.09358, 0.09447,
15.60000,7799.91281,-42.67348,14999.68469, 0.22529, 4.52668,-0.58105,500.01517, 4.53104,-0.00197, 0.01144,-0.00027,-0.03315, 0.07898,-0.01311, 0.99680, 0.47341,187.33250,1193.20192,2109.41287,-2.24415,-0.09358, 0.09447,
15.70000,7849.91157,-43.19928,14999.68092, 0.22618, 4.52667,-0.58438,500.01538, 4.53104,-0.00196, 0.01159,-0.00026,-0.03316, 0.07898,-0.01312, 0.99680, 0.47341,187.33268,1193.20210,2109.41287,-2.24415,-0.09358, 0.09447,
15.80000,7899.91033,-43.72803,14999.67715, 0.22708, 4.52666,-0.58770,500.01558, 4.53103,-0.00195, 0.01167,-0.00026,-0.03317, 0.07898,-0.01312, 0.99680, 0.47341,187.33285,1193.20228,2109.41287,-2.24415,-0.09358, 0.09447,
15.90000,7949.90907,-44.25974,14999.67336, 0.22799, 4.52665,-0.59103,500.01578, 4.53103,-0.00192, 0.01170,-0.00025,-0.03317, 0.07898,-0.01312, 0.99680, 0.47341,187.33303,1193.20246,2109.41287,-2.24415,-0.09358, 0.09447,
16.00000,7999.90780,-44.79438,14999.66956, 0.22890, 4.52663,-0.59436,500.01598, 4.53103,-0.00190, 0.01167,-0.00025,-0.03316, 0.07898,-0.01312, 0.99680, 0.47341,187.33320,1193.20265,2109.41287,-2.24415,-0.09358, 0.09447,
16.10000,8049.90651,-45.33197,14999.66575, 0.22980, 4.52662,-0.59769,500.01619, 4.53103,-0.00186, 0.01158,-0.00024,-0.03314, 0.07898,-0.01312, 0.99680, 0.47341,187.33338,1193.20283,2109.41287,-2.24415,-0.09358, 0.09447,
16.20000,8099.90522,-45.87249,14999.66194, 0.23069, 4.52661,-0.60101,500.01639, 4.53103,-0.00183, 0.01145,-0.00024,-0.03310, 0.07898,-0.01312, 0.99680, 0.47341,187.33355,1193.20301,2109.41287,-2.24415,-0.09358, 0.09447,
16.30000,8149.90392,-46.41595,14999.65811, 0.23156, 4.52660,-0.60433,500.01660, 4.53103,-0.00180, 0.01128,-0.00024,-0.03304, 0.07898,-0.01312, 0.99680, 0.47341,187.33373,1193.20320,2109.41287,-2.24415,-0.09358, 0.09447,
16.40000,8199.90260,-46.96232,14999.65428, 0.23242, 4.52659,-0.60764,500.01680, 4.53103,-0.00177, 0.01109,-0.00024,-0.03297, 0.07898,-0.01313, 0.99681, 0.47341,187.33391,1193.20338,2109.41287,-2.24415,-0.09358, 0.09447,
16.50000,8249.90127,-47.51163,14999.65044, 0.23326, 4.52658,-0.61094,500.01700, 4.53103,-0.00175, 0.01089,-0.00024,-0.03290, 0.07898,-0.01313, 0.99681, 0.47341,187.33408,1193.20357,2109.41287,-2.24415,-0.09358, 0.09447,
16.60000,8299.89994,-48.06384,14999.64658, 0.23408, 4.52657,-0.61424,500.01721, 4.53103,-0.00173, 0.01068,-0.00024,-0.03281, 0.07898,-0.01313, 0.99681, 0.47341,187.33426,1193.20375,2109.41287,-2.24415,-0.09358, 0.09447,
16.70000,8349.89858,-48.61898,14999.64273, 0.23487, 4.52656,-0.61752,500.01741, 4.53103,-0.00172, 0.01049,-0.00024,-0.03271, 0.07898,-0.01313, 0.99681, 0.47341,187.33444,1193.20394,2109.41287,-2.24415,-0.09358, 0.09447,
16.80000,8399.89722,-49.17702,14999.63886, 0.23566, 4.52655,-0.62080,500.01762, 4.53103,-0.00171, 0.01031,-0.00024,-0.03262, 0.07898,-0.01313, 0.99681, 0.47341,187.33461,1193.20413,2109.41287,-2.24415,-0.09358, 0.09447,
16.90000,8449.89585,-49.73796,14999.63499, 0.23642, 4.52654,-0.62407,500.01782, 4.53103,-0.00171, 0.01017,-0.00023,-0.03252, 0.07898,-0.01313, 0.99681, 0.47341,187.33479,1193.20431,2109.41287,-2.24415,-0.09358, 0.09447,
17.00000,8499.89446,-50.30181,14999.63111, 0.23718, 4.52653,-0.62732,500.01803, 4.53102,-0.00171, 0.01006,-0.00023,-0.03243, 0.07898,-0.01313, 0.99681, 0.47341,187.33497,1193.20450,2109.41287,-2.24415,-0.09358, 0.09447,
17.10000,8549.89306,-50.86855,14999.62722, 0.23792, 4.52652,-0.63057,500.01824, 4.53102,-0.00172, 0.01000,-0.00023,-0.03234, 0.07898,-0.01313, 0.99681, 0.47341,187.33515,1193.20469,2109.41287,-2.24415,-0.09358, 0.09447,
17.20000,8599.89165,-51.43818,14999.62333, 0.23866, 4.52651,-0.63381,500.01844, 4.53102,-0.00173, 0.00997,-0.00023,-0.03226, 0.07898,-0.01313, 0.99681, 0.47341,187.33533,1193.20487,2109.41287,-2.24415,-0.09358, 0.09447,
17.30000,8649.89023,-52.01070,14999.61943, 0.23941, 4.52650,-0.63704,500.01865, 4.53102,-0.00175, 0.00998,-0.00023,-0.03219, 0.07898,-0.01313, 0.99681, 0.47341,187.33550,1193.20506,2109.41287,-2.24415,-0.09358, 0.09447,
17.40000,8699.88879,-52.58611,14999.61553, 0.24015, 4.52649,-0.64027,500.01885, 4.53102,-0.00176, 0.01002,-0.00022,-0.03213, 0.07898,-0.01312, 0.99681, 0.47341,187.33568,1193.20525,2109.41287,-2.24415,-0.09358, 0.09447,
17.50000,8749.88734,-53.16439,14999.61162, 0.24090, 4.52648,-0.64349,500.01906, 4.53101,-0.00178, 0.01010,-0.00022,-0.03207, 0.07898,-0.01312, 0.99681, 0.47341,187.33586,1193.20544,2109.41287,-2.24415,-0.09358, 0.09447,
17.60000,8799.88588,-53.74555,14999.60771, 0.24166, 4.52647,-0.64671,500.01927, 4.53101,-0.00179, 0.01019,-0.00021,-0.03203, 0.07898,-0.01312, 0.99681, 0.47341,187.33604,1193.20563,2109.41287,-2.24415,-0.09358, 0.09447,
17.70000,8849.88441,-54.32957,14999.60379, 0.24243, 4.52647,-0.64992,500.01947, 4.53101,-0.00181, 0.01029,-0.00021,-0.03200, 0.07898,-0.01312, 0.99681, 0.47341,187.33622,1193.20582,2109.41287,-2.24415,-0.09358, 0.09447,
17.80000,8899.88292,-54.91646,14999.59986, 0.24322, 4.52646,-0.65313,500.01968, 4.53101,-0.00182, 0.01040,-0.00021,-0.03197, 0.07898,-0.01312, 0.99682, 0.47341,187.33640,1193.20601,2109.41287,-2.24415,-0.09358, 0.09447,
17.90000,8949.88142,-55.50621,14999.59593, 0.24401, 4.52645,-0.65633,500.01989, 4.53101,-0.00182, 0.01051,-0.00020,-0.03195, 0.07898,-0.01312, 0.99682, 0.47341,187.33658,1193.20619,2109.41287,-2.24415,-0.09358, 0.09447,
18.00000,8999.87991,-56.09882,14999.59200, 0.24481, 4.52645,-0.65954,500.02010, 4.53101,-0.00182, 0.01060,-0.00020,-0.03193, 0.07898,-0.01312, 0.99682, 0.47341,187.33676,1193.20638,2109.41287,-2.24415,-0.09358, 0.09447,
18.10000,9049.87838,-56.69428,14999.58806, 0.24562, 4.52644,-0.66274,500.02030, 4.53101,-0.00182, 0.01068,-0.00019,-0.03191, 0.07898,-0.01312, 0.99682, 0.47341,187.33694,1193.20657,2109.41287,-2.24415,-0.09358, 0.09447,
18.20000,9099.87684,-57.29258,14999.58412, 0.24644, 4.52644,-0.66594,500.02051, 4.53100,-0.00182, 0.01073,-0.00019,-0.03190, 0.07898,-0.01312, 0.99682, 0.47341,187.33711,1193.20676,2109.41287,-2.24415,-0.09358, 0.09447,
18.30000,9149.87529,-57.89373,14999.58017, 0.24726, 4.52643,-0.66914,500.02072, 4.53100,-0.00181, 0.01076,-0.00018,-0.03187, 0.07898,-0.01312, 0.99682, 0.47341,187.33729,1193.20695,2109.41287,-2.24415,-0.09358, 0.09447,
18.40000,9199.87372,-58.49772,14999.57622, 0.24809, 4.52643,-0.67233,500.02092, 4.53100,-0.00180, 0.01076,-0.00018,-0.03185, 0.07898,-0.01312, 0.99682, 0.47341,187.33747,1193.20714,2109.41287,-2.24415,-0.09358, 0.09447,
18.50000,9249.87215,-59.10453,14999.57227, 0.24891, 4.52642,-0.67553,500.02113, 4.53100,-0.00178, 0.01073,-0.00018,-0.03182, 0.07898,-0.01312, 0.99682, 0.47341,187.33765,1193.20734,2109.41287,-2.24415,-0.09358, 0.09447,
18.60000,9299.87055,-59.71418,14999.56832, 0.24973, 4.52642,-0.67872,500.02134, 4.53100,-0.00177, 0.01069,-0.00017,-0.03178, 0.07898,-0.01312, 0.99682, 0.47341,187.33783,1193.20753,2109.41287,-2.24415,-0.09358, 0.09447,
18.70000,9349.86894,-60.32665,14999.56436, 0.25054, 4.52642,-0.68190,500.02154, 4.53100,-0.00175, 0.01062,-0.00017,-0.03174, 0.07898,-0.01312, 0.99682, 0.47341,187.33801,1193.20772,2109.41287,-2.24415,-0.09358, 0.09447,
18.80000,9399.86732,-60.94194,14999.56040, 0.25135, 4.52641,-0.68508,500.02175, 4.53100,-0.00173, 0.01053,-0.00017,-0.03168, 0.07898,-0.01313, 0.99682, 0.47341,187.33819,1193.20791,2109.41287,-2.24415,-0.09358, 0.09447,
18.90000,9449.86569,-61.56005,14999.55645, 0.25215, 4.52641,-0.68826,500.02196, 4.53100,-0.00172, 0.01043,-0.00016,-0.03163, 0.07898,-0.01313, 0.99682, 0.47341,187.33837,1193.20810,2109.41287,-2.24415,-0.09358, 0.09447,
19.00000,9499.86404,-62.18097,14999.55249, 0.25294, 4.52641,-0.69143,500.02216, 4.53100,-0.00171, 0.01033,-0.00016,-0.03157, 0.07898,-0.01313, 0.99683, 0.47341,187.33855,1193.20829,2109.41287,-2.24415,-0.09358, 0.09447,
19.10000,9549.86237,-62.80470,14999.54853, 0.25371, 4.52641,-0.69459,500.02237, 4.53100,-0.00170, 0.01023,-0.00016,-0.03150, 0.07898,-0.01313, 0.99683, 0.47342,187.33872,1193.20848,2109.41287,-2.24415,-0.09358, 0.09447,
19.20000,9599.86070,-63.43123,14999.54456, 0.25448, 4.52640,-0.69775,500.02257, 4.53099,-0.00169, 0.01013,-0.00016,-0.03143, 0.07898,-0.01313, 0.99683, 0.47342,187.33890,1193.20867,2109.41287,-2.24415,-0.09358, 0.09447,
19.30000,9649.85900,-64.06056,14999.54060, 0.25524, 4.52640,-0.70090,500.02278, 4.53099,-0.00169, 0.01004,-0.00016,-0.03136, 0.07898,-0.01313, 0.99683, 0.47342,187.33908,1193.20886,2109.41287,-2.24415,-0.09358, 0.09447,
19.40000,9699.85729,-64.69269,14999.53664, 0.25599, 4.52640,-0.70404,500.02298, 4.53099,-0.00168, 0.00997,-0.00015,-0.03129, 0.07898,-0.01313, 0.99683, 0.47342,187.33926,1193.20905,2109.41287,-2.24415,-0.09358, 0.09447,
19.50000,9749.85557,-65.32760,14999.53268, 0.25674, 4.52640,-0.70718,500.02319, 4.53099,-0.00168, 0.00992,-0.00015,-0.03123, 0.07898,-0.01313, 0.99683, 0.47342,187.33944,1193.20924,2109.41287,-2.24415,-0.09358, 0.09447,
19.60000,9799.85383,-65.96531,14999.52872, 0.25748, 4.52640,-0.71031,500.02339, 4.53099,-0.00169, 0.00988,-0.00015,-0.03116, 0.07898,-0.01313, 0.99683, 0.47342,187.33961,1193.20943,2109.41287,-2.24415,-0.09358, 0.09447,
19.70000,9849.85208,-66.60579,14999.52476, 0.25822, 4.52640,-0.71343,500.02360, 4.53099,-0.00169, 0.00986,-0.00015,-0.03110, 0.07898,-0.01313, 0.99683, 0.47342,187.33979,1193.20963,2109.41287,-2.24415,-0.09358, 0.09447,
19.80000,9899.85031,-67.24905,14999.52081, 0.25896, 4.52640,-0.71655,500.02380, 4.53099,-0.00170, 0.00986,-0.00014,-0.03104, 0.07898,-0.01313, 0.99683, 0.47342,187.33997,1193.20982,2109.41287,-2.24415,-0.09358, 0.09447,
19.90000,9949.84853,-67.89509,14999.51685, 0.25970, 4.52640,-0.71966,500.02400, 4.53098,-0.00170, 0.00987,-0.00014,-0.03099, 0.07898,-0.01313, 0.99683, 0.47342,187.34014,1193.21001,2109.41287,-2.24415,-0.09358, 0.09447,
20.00000,9999.84673,-68.54390,14999.51289, 0.26045, 4.52640,-0.72276,500.02421, 4.53098,-0.00171, 0.00989,-0.00014,-0.03094, 0.07898,-0.01313, 0.99683, 0.47342,187.34032,1193.21020,2109.41287,-2.24415,-0.09358, 0.09447,
20.10000,10049.84492,-69.19547,14999.50894, 0.26119, 4.52640,-0.72587,500.02441, 4.53098,-0.00171, 0.00993,-0.00013,-0.03090, 0.07898,-0.01313, 0.99683, 0.47342,187.34050,1193.21039,2109.41287,-2.24415,-0.09358, 0.09447,
20.20000,10099.84309,-69.84980,14999.50499, 0.26194, 4.52640,-0.72896,500.02461, 4.53098,-0.00172, 0.00996,-0.00013,-0.03086, 0.07898,-0.01313, 0.99683, 0.47342,187.34067,1193.21058,2109.41287,-2.24415,-0.09358, 0.09447,
20.30000,10149.84124,-70.50689,14999.50104, 0.26270, 4.52640,-0.73206,500.02482, 4.53098,-0.00172, 0.01000,-0.00012,-0.03082, 0.07898,-0.01313, 0.99684, 0.47342,187.34085,1193.21077,2109.41287,-2.24415,-0.09358, 0.09447,
20.40000,10199.83938,-71.16673,14999.49710, 0.26346, 4.52640,-0.73515,500.02502, 4.53098,-0.00172, 0.01004,-0.00012,-0.03079, 0.07898,-0.01313, 0.99684, 0.47342,187.34102,1193.21096,2109.41287,-2.24415,-0.09358, 0.09447,
20.50000,10249.83750,-71.82932,14999.49316, 0.26422, 4.52640,-0.73824,500.02522, 4.53098,-0.00172, 0.01008,-0.00012,-0.03076, 0.07898,-0.01313, 0.99684, 0.47342,187.34120,1193.21115,2109.41287,-2.24415,-0.09358, 0.09447,
20.60000,10299.83560,-72.49465,14999.48922, 0.26498, 4.52641,-0.74132,500.02542, 4.53097,-0.00172, 0.01010,-0.00011,-0.03072, 0.07898,-0.01313, 0.99684, 0.47342,187.34137,1193.21134,2109.41287,-2.24415,-0.09358, 0.09447,
20.70000,10349.83369,-73.16273,14999.48528, 0.26575, 4.52641,-0.74440,500.02562, 4.53097,-0.00171, 0.01011,-0.00011,-0.03069, 0.07898,-0.01313, 0.99684, 0.47342,187.34155,1193.21153,2109.41287,-2.24415,-0.09358, 0.09447,
20.80000,10399.83176,-73.83354,14999.48135, 0.26652, 4.52641,-0.74748,500.02582, 4.53097,-0.00171, 0.01012,-0.00011,-0.03066, 0.07898,-0.01313, 0.99684, 0.47342,187.34172,1193.21172,2109.41287,-2.24415,-0.09358, 0.09447,
20.90000,10449.82982,-74.50708,14999.47743, 0.26729, 4.52642,-0.75055,500.02602, 4.53097,-0.00170, 0.01011,-0.00010,-0.03062, 0.07898,-0.01313, 0.99684, 0.47342,187.34189,1193.21191,2109.41287,-2.24415,-0.09358, 0.09447,
21.00000,10499.82786,-75.18334,14999.47350, 0.26806, 4.52642,-0.75362,500.02622, 4.53097,-0.00169, 0.01009,-0.00010,-0.03058, 0.07898,-0.01313, 0.99684, 0.47342,187.34207,1193.21210,2109.41287,-2.24415,-0.09358, 0.09447,
21.10000,10549.82588,-75.86233,14999.46959, 0.26882, 4.52643,-0.75669,500.02642, 4.53097,-0.00168, 0.01005,-0.00010,-0.03054, 0.07898,-0.01313, 0.99684, 0.47342,187.34224,1193.21228,2109.41287,-2.24415,-0.09358, 0.09447,
21.20000,10599.82388,-76.54404,14999.46567, 0.26958, 4.52643,-0.75975,500.02661, 4.53097,-0.00168, 0.01001,-0.00009,-0.03049, 0.07898,-0.01313, 0.99684, 0.47342,187.34241,1193.21247,2109.41287,-2.24415,-0.09358, 0.09447,
21.30000,10649.82187,-77.22846,14999.46177, 0.27034, 4.52644,-0.76280,500.02681, 4.53097,-0.00167, 0.00996,-0.00009,-0.03045, 0.07898,-0.01313, 0.99684, 0.47342,187.34258,1193.21266,2109.41287,-2.24415,-0.09358, 0.09447,
21.40000,10699.81984,-77.91560,14999.45787, 0.27109, 4.52644,-0.76585,500.02701, 4.53097,-0.00166, 0.00991,-0.00009,-0.03040, 0.07898,-0.01313, 0.99684, 0.47342,187.34275,1193.21285,2109.41287,-2.24415,-0.09358, 0.09447,
21.50000,10749.81779,-78.60544,14999.45397, 0.27184, 4.52645,-0.76890,500.02720, 4.53097,-0.00165, 0.00986,-0.00009,-0.03034, 0.07898,-0.01313, 0.99685, 0.47342,187.34292,1193.21304,2109.41287,-2.24415,-0.09358, 0.09447,
21.60000,10799.81573,-79.29798,14999.45008, 0.27259, 4.52645,-0.77194,500.02740, 4.53096,-0.00165, 0.00980,-0.00008,-0.03029, 0.07898,-0.01313, 0.99685, 0.47342,187.34309,1193.21322,2109.41287,-2.24415,-0.09358, 0.09447,
21.70000,10849.81364,-79.99322,14999.44620, 0.27332, 4.52646,-0.77498,500.02759, 4.53096,-0.00164, 0.00975,-0.00008,-0.03023, 0.07898,-0.01313, 0.99685, 0.47342,187.34326,1193.21341,2109.41287,-2.24415,-0.09358, 0.09447,
21.80000,10899.81154,-80.69115,14999.44233, 0.27406, 4.52647,-0.77801,500.02779, 4.53096,-0.00164, 0.00970,-0.00008,-0.03018, 0.07898,-0.01313, 0.99685, 0.47342,187.34343,1193.21360,2109.41287,-2.24415,-0.09358, 0.09447,
21.90000,10949.80942,-81.39178,14999.43846, 0.27479, 4.52647,-0.78103,500.02798, 4.53096,-0.00164, 0.00966,-0.00008,-0.03012, 0.07898,-0.01313, 0.99685, 0.47342,187.34360,1193.21378,2109.41287,-2.24415,-0.09358, 0.09447,
22.00000,10999.80728,-82.09509,14999.43460, 0.27551, 4.52648,-0.78405,500.02817, 4.53096,-0.00164, 0.00963,-0.00007,-0.03007, 0.07898,-0.01313, 0.99685, 0.47342,187.34377,1193.21397,2109.41287,-2.24415,-0.09358, 0.09447,
22.10000,11049.80512,-82.80108,14999.43075, 0.27624, 4.52649,-0.78707,500.02836, 4.53096,-0.00164, 0.00960,-0.00007,-0.03002, 0.07898,-0.01313, 0.99685, 0.47342,187.34393,1193.21416,2109.41287,-2.24415,-0.09358, 0.09447,
22.20000,11099.80295,-83.50975,14999.42690, 0.27696, 4.52650,-0.79007,500.02855, 4.53096,-0.00164, 0.00959,-0.00007,-0.02996, 0.07898,-0.01313, 0.99685, 0.47342,187.34410,1193.21434,2109.41287,-2.24415,-0.09358, 0.09447,
22.30000,11149.80075,-84.22109,14999.42307, 0.27768, 4.52650,-0.79308,500.02874, 4.53096,-0.00164, 0.00958,-0.00006,-0.02991, 0.07898,-0.01313, 0.99685, 0.47342,187.34427,1193.21453,2109.41287,-2.24415,-0.09358, 0.09447,
22.40000,11199.79854,-84.93510,14999.41924, 0.27840, 4.52651,-0.79608,500.02893, 4.53095,-0.00164, 0.00957,-0.00006,-0.02987, 0.07898,-0.01313, 0.99685, 0.47342,187.34443,1193.21471,2109.41287,-2.24415,-0.09358, 0.09447,
22.50000,11249.79630,-85.65178,14999.41542, 0.27912, 4.52652,-0.79907,500.02912, 4.53095,-0.00164, 0.00958,-0.00006,-0.02982, 0.07898,-0.01313, 0.99685, 0.47342,187.34460,1193.21490,2109.41287,-2.24415,-0.09358, 0.09447,
22.60000,11299.79405,-86.37112,14999.41161, 0.27984, 4.52653,-0.80206,500.02931, 4.53095,-0.00164, 0.00958,-0.00005,-0.02978, 0.07898,-0.01313, 0.99685, 0.47342,187.34476,1193.21508,2109.41287,-2.24415,-0.09358, 0.09447,
22.70000,11349.79178,-87.09311,14999.40781, 0.28057, 4.52654,-0.80504,500.02950, 4.53095,-0.00164, 0.00959,-0.00005,-0.02974, 0.07898,-0.01313, 0.99685, 0.47342,187.34492,1193.21526,2109.41287,-2.24415,-0.09358, 0.09447,
22.80000,11399.78948,-87.81776,14999.40402, 0.28129, 4.52655,-0.80802,500.02968, 4.53095,-0.00164, 0.00960,-0.00005,-0.02970, 0.07898,-0.01313, 0.99685, 0.47342,187.34509,1193.21544,2109.41287,-2.24415,-0.09358, 0.09447,
22.90000,11449.78717,-88.54506,14999.40024, 0.28202, 4.52656,-0.81100,500.02987, 4.53095,-0.00164, 0.00961,-0.00004,-0.02966, 0.07898,-0.01313, 0.99686, 0.47342,187.34525,1193.21563,2109.41287,-2.24415,-0.09358, 0.09447,
23.00000,11499.78484,-89.27501,14999.39647, 0.28274, 4.52657,-0.81397,500.03005, 4.53095,-0.00164, 0.00962,-0.00004,-0.02962, 0.07898,-0.01313, 0.99686, 0.47342,187.34541,1193.21581,2109.41287,-2.24415,-0.09358, 0.09447,
23.10000,11549.78249,-90.00759,14999.39271, 0.28347, 4.52658,-0.81694,500.03024, 4.53095,-0.00164, 0.00962,-0.00004,-0.02958, 0.07898,-0.01313, 0.99686, 0.47342,187.34557,1193.21599,2109.41287,-2.24415,-0.09358, 0.09447,
23.20000,11599.78012,-90.74282,14999.38896, 0.28420, 4.52659,-0.81991,500.03042, 4.53094,-0.00163, 0.00962,-0.00003,-0.02954, 0.07898,-0.01313, 0.99686, 0.47342,187.34573,1193.21617,2109.41287,-2.24415,-0.09358, 0.09447,
23.30000,11649.77772,-91.48067,14999.38522, 0.28493, 4.52660,-0.82287,500.03060, 4.53094,-0.00163, 0.00961,-0.00003,-0.02950, 0.07898,-0.01313, 0.99686, 0.47342,187.34589,1193.21635,2109.41287,-2.24415,-0.09358, 0.09447,
23.40000,11699.77531,-92.22116,14999.38149, 0.28565, 4.52661,-0.82583,500.03078, 4.53094,-0.00162, 0.00959,-0.00003,-0.02946, 0.07898,-0.01313, 0.99686, 0.47342,187.34605,1193.21653,2109.41287,-2.24415,-0.09358, 0.09447,
23.50000,11749.77287,-92.96427,14999.37777, 0.28638, 4.52663,-0.82878,500.03096, 4.53094,-0.00162, 0.00958,-0.00003,-0.02942, 0.07898,-0.01313, 0.99686, 0.47342,187.34620,1193.21671,2109.41287,-2.24415,-0.09358, 0.09447,
23.60000,11799.77042,-93.71000,14999.37407, 0.28710, 4.52664,-0.83173,500.03114, 4.53094,-0.00161, 0.00955,-0.00002,-0.02938, 0.07898,-0.01313, 0.99686, 0.47342,187.34636,1193.21689,2109.41287,-2.24415,-0.09358, 0.09447,
23.70000,11849.76794,-94.45834,14999.37038, 0.28782, 4.52665,-0.83467,500.03132, 4.53094,-0.00161, 0.00953,-0.00002,-0.02933, 0.07898,-0.01313, 0.99686, 0.47342,187.34652,1193.21707,2109.41287,-2.24415,-0.09358, 0.09447,
23.80000,11899.76544,-95.20930,14999.36669, 0.28854, 4.52666,-0.83762,500.03150, 4.53094,-0.00160, 0.00949,-0.00002,-0.02929, 0.07898,-0.01313, 0.99686, 0.47342,187.34667,1193.21724,2109.41287,-2.24415,-0.09358, 0.09447,
23.90000,11949.76292,-95.96287,14999.36303, 0.28926, 4.52668,-0.84055,500.03167, 4.53094,-0.00160, 0.00946,-0.00001,-0.02924, 0.07898,-0.01313, 0.99686, 0.47342,187.34683,1193.21742,2109.41287,-2.24415,-0.09358, 0.09447,
24.00000,11999.76038,-96.71905,14999.35937, 0.28997, 4.52669,-0.84348,500.03185, 4.53094,-0.00159, 0.00943,-0.00001,-0.02920, 0.07898,-0.01313, 0.99686, 0.47342,187.34698,1193.21760,2109.41287,-2.24415,-0.09358, 0.09447,
24.10000,12049.75781,-97.47782,14999.35573, 0.29068, 4.52670,-0.84641,500.03202, 4.53094,-0.00159, 0.00940,-0.00001,-0.02915, 0.07898,-0.01313, 0.99686, 0.47342,187.34713,1193.21777,2109.41287,-2.24415,-0.09358, 0.09447,
24.20000,12099.75523,-98.23920,14999.35210, 0.29139, 4.52672,-0.84933,500.03219, 4.53093,-0.00159, 0.00936,-0.00001,-0.02910, 0.07898,-0.01313, 0.99686, 0.47342,187.34728,1193.21795,2109.41287,-2.24415,-0.09358, 0.09447,
24.30000,12149.75262,-99.00316,14999.34848, 0.29209, 4.52673,-0.85225,500.03236, 4.53093,-0.00158, 0.00933,-0.00000,-0.02905, 0.07898,-0.01313, 0.99687, 0.47342,187.34743,1193.21812,2109.41287,-2.24415,-0.09358, 0.09447,
24.40000,12199.74999,-99.76972,14999.34488, 0.29280, 4.52675,-0.85516,500.03253, 4.53093,-0.00158, 0.00931,-0.00000,-0.02900, 0.07898,-0.01313, 0.99687, 0.47342,187.34758,1193.21830,2109.41287,-2.24415,-0.09358, 0.09447,
24.50000,12249.74733,-100.53886,14999.34129, 0.29350, 4.52676,-0.85806,500.03270, 4.53093,-0.00158, 0.00928, 0.00000,-0.02896, 0.07898,-0.01313, 0.99687, 0.47342,187.34773,1193.21847,2109.41287,-2.24415,-0.09358, 0.09447,
24.60000,12299.74466,-101.31058,14999.33772, 0.29419, 4.52678,-0.86097,500.03287, 4.53093,-0.00158, 0.00926, 0.00000,-0.02891, 0.07898,-0.01313, 0.99687, 0.47342,187.34788,1193.21864,2109.41287,-2.24415,-0.09358, 0.09447,
24.70000,12349.74196,-102.08488,14999.33416, 0.29489, 4.52679,-0.86386,500.03304, 4.53093,-0.00158, 0.00925, 0.00001,-0.02886, 0.07898,-0.01313, 0.99687, 0.47342,187.34803,1193.21881,2109.41287,-2.24415,-0.09358, 0.09447,
24.80000,12399.73923,-102.86176,14999.33062, 0.29559, 4.52681,-0.86676,500.03320, 4.53093,-0.00157, 0.00924, 0.00001,-0.02882, 0.07898,-0.01313, 0.99687, 0.47342,187.34817,1193.21898,2109.41287,-2.24415,-0.09358, 0.09447,
24.90000,12449.73649,-103.64120,14999.32709, 0.29628, 4.52682,-0.86965,500.03337, 4.53093,-0.00157, 0.00923, 0.00001,-0.02877, 0.07898,-0.01313, 0.99687, 0.47343,187.34832,1193.21915,2109.41287,-2.24415,-0.09358, 0.09447,
25.00000,12499.73372,-104.42321,14999.32357, 0.29698, 4.52684,-0.87253,500.03353, 4.53093,-0.00157, 0.00922, 0.00001,-0.02873, 0.07898,-0.01313, 0.99687, 0.47343,187.34846,1193.21932,2109.41287,-2.24415,-0.09358, 0.09447,
25.10000,12549.73092,-105.20779,14999.32007, 0.29767, 4.52685,-0.87541,500.03370, 4.53092,-0.00157, 0.00922, 0.00002,-0.02869, 0.07898,-0.01313, 0.99687, 0.47343,187.34860,1193.21949,2109.41287,-2.24415,-0.09358, 0.09447,
25.20000,12599.72810,-105.99492,14999.31659, 0.29837, 4.52687,-0.87828,500.03386, 4.53092,-0.00157, 0.00921, 0.00002,-0.02864, 0.07898,-0.01313, 0.99687, 0.47343,187.34875,1193.21966,2109.41287,-2.24415,-0.09358, 0.09447,
25.30000,12649.72526,-106.78460,14999.31312, 0.29906, 4.52689,-0.88116,500.03402, 4.53092,-0.00157, 0.00921, 0.00002,-0.02860, 0.07898,-0.01313, 0.99687, 0.47343,187.34889,1193.21983,2109.41287,-2.24415,-0.09358, 0.09447,
25.40000,12699.72239,-107.57684,14999.30967, 0.29975, 4.52691,-0.88402,500.03418, 4.53092,-0.00157, 0.00920, 0.00002,-0.02856, 0.07898,-0.01313, 0.99687, 0.47343,187.34903,1193.21999,2109.41287,-2.24415,-0.09358, 0.09447,
25.50000,12749.71950,-108.37162,14999.30624, 0.30045, 4.52692,-0.88689,500.03433, 4.53092,-0.00157, 0.00920, 0.00003,-0.02852, 0.07898,-0.01313, 0.99687, 0.47343,187.34917,1193.22016,2109.41287,-2.24415,-0.09358, 0.09447,
25.60000,12799.71659,-109.16894,14999.30282, 0.30114, 4.52694,-0.88975,500.03449, 4.53092,-0.00156, 0.00919, 0.00003,-0.02848, 0.07898,-0.01313, 0.99687, 0.47343,187.34930,1193.22032,2109.41287,-2.24415,-0.09358, 0.09447,
25.70000,12849.71365,-109.96881,14999.29942, 0.30184, 4.52696,-0.89260,500.03464, 4.53092,-0.00156, 0.00918, 0.00003,-0.02844, 0.07898,-0.01313, 0.99687, 0.47343,187.34944,1193.22049,2109.41287,-2.24415,-0.09358, 0.09447,
25.80000,12899.71068,-110.77121,14999.29603, 0.30253, 4.52698,-0.89545,500.03480, 4.53092,-0.00156, 0.00917, 0.00004,-0.02840, 0.07898,-0.01313, 0.99687, 0.47343,187.34958,1193.22065,2109.41287,-2.24415,-0.09358, 0.09447,
25.90000,12949.70769,-111.57614,14999.29266, 0.30322, 4.52700,-0.89830,500.03495, 4.53092,-0.00155, 0.00915, 0.00004,-0.02836, 0.07898,-0.01313, 0.99688, 0.47343,187.34971,1193.22081,2109.41287,-2.24415,-0.09358, 0.09447,
26.00000,12999.70467,-112.38359,14999.28931, 0.30391, 4.52702,-0.90114,500.03510, 4.53092,-0.00155, 0.00914, 0.00004,-0.02832, 0.07898,-0.01313, 0.99688, 0.47343,187.34985,1193.22097,2109.41287,-2.24415,-0.09358, 0.09447,
26.10000,13049.70163,-113.19357,14999.28598, 0.30460, 4.52703,-0.90398,500.03525, 4.53091,-0.00155, 0.00912, 0.00004,-0.02828, 0.07898,-0.01313, 0.99688, 0.47343,187.34998,1193.22113,2109.41287,-2.24415,-0.09358, 0.09447,
26.20000,13099.69856,-114.00607,14999.28267, 0.30529, 4.52705,-0.90681,500.03540, 4.53091,-0.00154, 0.00910, 0.00005,-0.02824, 0.07898,-0.01313, 0.99688, 0.47343,187.35011,1193.22129,2109.41287,-2.24415,-0.09358, 0.09447,
26.30000,13149.69546,-114.82109,14999.27937, 0.30597, 4.52707,-0.90964,500.03555, 4.53091,-0.00154, 0.00908, 0.00005,-0.02819, 0.07898,-0.01313, 0.99688, 0.47343,187.35024,1193.22145,2109.41287,-2.24415,-0.09358, 0.09447,
26.40000,13199.69234,-115.63862,14999.27609, 0.30665, 4.52709,-0.91247,500.03569, 4.53091,-0.00154, 0.00905, 0.00005,-0.02815, 0.07898,-0.01313, 0.99688, 0.47343,187.35037,1193.22161,2109.41287,-2.24415,-0.09358, 0.09447,
26.50000,13249.68919,-116.45865,14999.27283, 0.30734, 4.52711,-0.91529,500.03584, 4.53091,-0.00153, 0.00903, 0.00005,-0.02811, 0.07898,-0.01313, 0.99688, 0.47343,187.35050,1193.22177,2109.41287,-2.24415,-0.09358, 0.09447,
26.60000,13299.68602,-117.28119,14999.26959, 0.30802, 4.52713,-0.91811,500.03598, 4.53091,-0.00153, 0.00901, 0.00005,-0.02806, 0.07898,-0.01313, 0.99688, 0.47343,187.35062,1193.22192,2109.41287,-2.24415,-0.09358, 0.09447,
26.70000,13349.68282,-118.10624,14999.26637, 0.30869, 4.52716,-0.92092,500.03612, 4.53091,-0.00153, 0.00898, 0.00006,-0.02802, 0.07898,-0.01313, 0.99688, 0.47343,187.35075,1193.22208,2109.41287,-2.24415,-0.09358, 0.09447,
26.80000,13399.67959,-118.93377,14999.26317, 0.30937, 4.52718,-0.92373,500.03626, 4.53091,-0.00152, 0.00896, 0.00006,-0.02797, 0.07898,-0.01313, 0.99688, 0.47343,187.35087,1193.22223,2109.41287,-2.24415,-0.09358, 0.09447,
26.90000,13449.67633,-119.76381,14999.25999, 0.31004, 4.52720,-0.92653,500.03640, 4.53091,-0.00152, 0.00894, 0.00006,-0.02793, 0.07898,-0.01313, 0.99688, 0.47343,187.35100,1193.22239,2109.41287,-2.24415,-0.09358, 0.09447,
27.00000,13499.67305,-120.59633,14999.25682, 0.31071, 4.52722,-0.92933,500.03654, 4.53091,-0.00152, 0.00892, 0.00006,-0.02789, 0.07898,-0.01313, 0.99688, 0.47343,187.35112,1193.22254,2109.41287,-2.24415,-0.09358, 0.09447,
27.10000,13549.66974,-121.43133,14999.25368, 0.31139, 4.52724,-0.93213,500.03667, 4.53091,-0.00152, 0.00891, 0.00007,-0.02784, 0.07898,-0.01313, 0.99688, 0.47343,187.35124,1193.22269,2109.41287,-2.24415,-0.09358, 0.09447,
27.20000,13599.66640,-122.26882,14999.25056, 0.31206, 4.52726,-0.93492,500.03681, 4.53090,-0.00152, 0.00889, 0.00007,-0.02780, 0.07898,-0.01313, 0.99688, 0.47343,187.35136,1193.22284,2109.41287,-2.24415,-0.09358, 0.09447,
27.30000,13649.66303,-123.10879,14999.24745, 0.31272, 4.52728,-0.93771,500.03694, 4.53090,-0.00151, 0.00888, 0.00007,-0.02776, 0.07898,-0.01313, 0.99688, 0.47343,187.35148,1193.22299,2109.41287,-2.24415,-0.09358, 0.09447,
27.40000,13699.65963,-123.95123,14999.24437, 0.31339, 4.52731,-0.94049,500.03707, 4.53090,-0.00151, 0.00887, 0.00007,-0.02772, 0.07898,-0.01313, 0.99688, 0.47343,187.35160,1193.22314,2109.41287,-2.24415,-0.09358, 0.09447,
27.50000,13749.65621,-124.79614,14999.24131, 0.31406, 4.52733,-0.94327,500.03720, 4.53090,-0.00151, 0.00886, 0.00008,-0.02767, 0.07898,-0.01313, 0.99688, 0.47343,187.35171,1193.22329,2109.41287,-2.24415,-0.09358, 0.09447,
27.60000,13799.65275,-125.64352,14999.23827, 0.31473, 4.52735,-0.94604,500.03733, 4.53090,-0.00151, 0.00885, 0.00008,-0.02763, 0.07898,-0.01313, 0.99688, 0.47343,187.35183,1193.22343,2109.41287,-2.24415,-0.09358, 0.09447,
27.70000,13849.64927,-126.49337,14999.23525, 0.31539, 4.52738,-0.94881,500.03746, 4.53090,-0.00151, 0.00884, 0.00008,-0.02759, 0.07898,-0.01313, 0.99689, 0.47343,187.35194,1193.22358,2109.41287,-2.24415,-0.09358, 0.09447,
27.80000,13899.64576,-127.34567,14999.23225, 0.31606, 4.52740,-0.95158,500.03758, 4.53090,-0.00151, 0.00883, 0.00008,-0.02755, 0.07898,-0.01313, 0.99689, 0.47343,187.35205,1193.22372,2109.41287,-2.24415,-0.09358, 0.09447,
27.90000,13949.64222,-128.20043,14999.22927, 0.31672, 4.52742,-0.95434,500.03771, 4.53090,-0.00150, 0.00882, 0.00008,-0.02751, 0.07898,-0.01313, 0.99689, 0.47343,187.35216,1193.22387,2109.41287,-2.24415,-0.09358, 0.09447,
28.00000,13999.63864,-129.05764,14999.22632, 0.31738, 4.52745,-0.95710,500.03783, 4.53090,-0.00150, 0.00881, 0.00009,-0.02747, 0.07898,-0.01313, 0.99689, 0.47343,187.35227,1193.22401,2109.41287,-2.24415,-0.09358, 0.09447,
28.10000,14049.63504,-129.91730,14999.22338, 0.31805, 4.52747,-0.95985,500.03795, 4.53090,-0.00150, 0.00880, 0.00009,-0.02743, 0.07898,-0.01313, 0.99689, 0.47343,187.35238,1193.22415,2109.41287,-2.24415,-0.09358, 0.09447,
28.20000,14099.63141,-130.77940,14999.22047, 0.31871, 4.52749,-0.96260,500.03807, 4.53090,-0.00150, 0.00878, 0.00009,-0.02739, 0.07898,-0.01313, 0.99689, 0.47343,187.35249,1193.22429,2109.41287,-2.24415,-0.09358, 0.09447,
28.30000,14149.62775,-131.64394,14999.21758, 0.31937, 4.52752,-0.96534,500.03819, 4.53090,-0.00149, 0.00877, 0.00009,-0.02735, 0.07898,-0.01313, 0.99689, 0.47343,187.35260,1193.22443,2109.41287,-2.24415,-0.09358, 0.09447,
28.40000,14199.62406,-132.51093,14999.21471, 0.32003, 4.52754,-0.96809,500.03830, 4.53089,-0.00149, 0.00876, 0.00009,-0.02731, 0.07898,-0.01313, 0.99689, 0.47343,187.35270,1193.22457,2109.41287,-2.24415,-0.09358, 0.09447,
28.50000,14249.62034,-133.38034,14999.21187, 0.32069, 4.52757,-0.97082,500.03842, 4.53089,-0.00149, 0.00874, 0.00010,-0.02727, 0.07898,-0.01313, 0.99689, 0.47343,187.35280,1193.22471,2109.41287,-2.24415,-0.09358, 0.09447,
28.60000,14299.61658,-134.25219,14999.20905, 0.32134, 4.52759,-0.97356,500.03853, 4.53089,-0.00148, 0.00872, 0.00010,-0.02723, 0.07898,-0.01313, 0.99689, 0.47343,187.35291,1193.22484,2109.41287,-2.24415,-0.09358, 0.09447,
28.70000,14349.61280,-135.12646,14999.20625, 0.32200, 4.52762,-0.97629,500.03864, 4.53089,-0.00148, 0.00871, 0.00010,-0.02719, 0.07898,-0.01313, 0.99689, 0.47343,187.35301,1193.22498,2109.41287,-2.24415,-0.09358, 0.09447,
28.80000,14399.60898,-136.00316,14999.20347, 0.32266, 4.52764,-0.97901,500.03875, 4.53089,-0.00148, 0.00869, 0.00010,-0.02715, 0.07898,-0.01313, 0.99689, 0.47343,187.35311,1193.22511,2109.41287,-2.24415,-0.09358, 0.09447,
28.90000,14449.60513,-136.88227,14999.20072, 0.32331, 4.52767,-0.98173,500.03886, 4.53089,-0.00148, 0.00867, 0.00010,-0.02711, 0.07898,-0.01313, 0.99689, 0.47343,187.35320,1193.22524,2109.41287,-2.24415,-0.09358, 0.09447,
29.00000,14499.60125,-137.76380,14999.19799, 0.32396, 4.52769,-0.98445,500.03897, 4.53089,-0.00147, 0.00865, 0.00011,-0.02707, 0.07898,-0.01313, 0.99689, 0.47343,187.35330,1193.22538,2109.41287,-2.24415,-0.09358, 0.09447,
29.10000,14549.59734,-138.64774,14999.19528, 0.32461, 4.52772,-0.98716,500.03907, 4.53089,-0.00147, 0.00863, 0.00011,-0.02703, 0.07898,-0.01313, 0.99689, 0.47343,187.35339,1193.22551,2109.41287,-2.24415,-0.09358, 0.09447,
29.20000,14599.59340,-139.53409,14999.19260, 0.32526, 4.52775,-0.98987,500.03918, 4.53089,-0.00147, 0.00862, 0.00011,-0.02699, 0.07898,-0.01313, 0.99689, 0.47343,187.35349,1193.22563,2109.41287,-2.24415,-0.09358, 0.09447,
29.30000,14649.58942,-140.42285,14999.18994, 0.32591, 4.52777,-0.99258,500.03928, 4.53089,-0.00147, 0.00860, 0.00011,-0.02694, 0.07898,-0.01313, 0.99689, 0.47343,187.35358,1193.22576,2109.41287,-2.24415,-0.09358, 0.09447,
29.40000,14699.58541,-141.31400,14999.18730, 0.32655, 4.52780,-0.99528,500.03938, 4.53089,-0.00146, 0.00858, 0.00011,-0.02690, 0.07898,-0.01313, 0.99689, 0.47343,187.35367,1193.22589,2109.41287,-2.24415,-0.09358, 0.09447,
29.50000,14749.58137,-142.20756,14999.18469, 0.32720, 4.52783,-0.99798,500.03948, 4.53089,-0.00146, 0.00857, 0.00012,-0.02686, 0.07898,-0.01313, 0.99689, 0.47343,187.35376,1193.22602,2109.41287,-2.24415,-0.09358, 0.09447,
29.60000,14799.57730,-143.10351,14999.18211, 0.32784, 4.52785,-1.00067,500.03957, 4.53089,-0.00146, 0.00855, 0.00012,-0.02682, 0.07898,-0.01313, 0.99689, 0.47343,187.35385,1193.22614,2109.41287,-2.24415,-0.09358, 0.09447,
29.70000,14849.57319,-144.00184,14999.17954, 0.32848, 4.52788,-1.00336,500.03967, 4.53088,-0.00146, 0.00854, 0.00012,-0.02678, 0.07898,-0.01313, 0.99689, 0.47343,187.35394,1193.22626,2109.41287,-2.24415,-0.09358, 0.09447,
29.80000,14899.56905,-144.90257,14999.17701, 0.32912, 4.52791,-1.00604,500.03976, 4.53088,-0.00145, 0.00852, 0.00012,-0.02674, 0.07898,-0.01313, 0.99689, 0.47343,187.35402,1193.22639,2109.41287,-2.24415,-0.09358, 0.09447,
29.90000,14949.56487,-145.80568,14999.17449, 0.32976, 4.52794,-1.00872,500.03985, 4.53088,-0.00145, 0.00851, 0.00012,-0.02670, 0.07898,-0.01313, 0.99690, 0.47343,187.35410,1193.22651,2109.41287,-2.24415,-0.09358, 0.09447,
30.00000,14999.56066,-146.71116,14999.17201, 0.33040, 4.52796,-1.01140,500.03994, 4.53088,-0.00145, 0.00850, 0.00012,-0.02666, 0.07898,-0.01313, 0.99690, 0.47343,187.35419,1193.22663,2109.41287,-2.24415,-0.09358, 0.09447,
